   34.1    36.0    47.0  48
   33.3    84.0   207.6  LegislativeBranchBoardsandCommissions—Continued
   39.0    84.0   142.3  FederalFunds—Continued
   38.5   454.5   468.1  THE
   38.5   469.8   498.2  BUDGET
   38.5   500.0   513.6  FOR
   38.5   515.3   539.4  FISCAL
   38.5   541.2   560.2  YEAR
   38.5   562.0   576.0  2027
   62.6    47.7    99.0  CONGRESSIONAL
   62.6   101.0   136.8  OFFICEFOR
   62.6   138.3   187.6  INTERNATIONAL
   62.6   189.6   227.5  LEADERSHIP
   62.6   229.5   288.3  FUND—Continued
   62.1   333.8   407.5  Memorandum(non-add)entries:
   69.9   312.0   323.5  3100
   69.9   339.8   477.0  Obligatedbalance,startofyear............................................
   69.9   484.2   508.7  .................
   69.9   540.1   543.0  1
   69.9   573.1   576.0  1
   73.2   115.8   220.2  ProgramandFinancing—Continued
   77.7   312.0   323.5  3200
   77.7   339.8   477.0  Obligatedbalance,endofyear..............................................
   77.7   507.1   510.0  1
   77.7   540.1   543.0  1
   77.7   573.1   576.0  1
   85.5   312.0   323.5  4180
   85.5   327.8   477.0  Budgetauthority,net(total)..........................................................
   85.5   484.2   508.7  .................
   85.5   517.2   541.7  .................
   85.5   550.2   574.7  .................
   94.3    36.0   120.3  Identificationcode009–0145–0–1–154
   94.3   208.5   233.8  2025actual
   94.3   244.3   263.9  2026est.
   94.3   277.3   296.9  2027est.
   93.3   312.0   323.5  4190
   93.3   327.8   477.0  Outlays,net(total)........................................................................
   93.3   484.2   508.7  .................
   93.3   517.2   541.7  .................
   93.3   550.2   574.7  .................
  113.0    51.8   120.4  Changeinobligatedbalance:
  112.2   318.0   334.0  This
  112.2   336.2   380.2  presentation
  112.2   382.4   412.4  includes
  112.2   414.6   425.6  the
  112.2   427.9   465.4  following:
  112.2   467.6   513.6  International
  112.2   515.8   560.8  Conferences
  112.2   563.0   576.0  and
  119.8    57.8   102.2  Unpaidobligations:
  123.0   312.0   366.0  Contingencies;
  123.0   369.1   392.1  House
  123.0   395.1   408.1  and
  123.0   411.2   435.2  Senate
  123.0   438.3   474.8  Expenses;
  123.0   477.9   507.8  Western
  123.0   510.9   554.4  Hemisphere
  123.0   557.5   576.0  Drug
  127.6    36.0    47.5  3000
  127.6    63.8   201.0  Unpaidobligations,broughtforward,Oct1..........................
  127.6   231.1   234.0  2
  127.6   241.2   265.7  .................
  127.6   274.2   298.8  .................
  135.4    36.0    47.5  3010
  135.4    63.8   201.0  Newobligations,unexpiredaccounts....................................
  135.4   231.1   234.0  7
  135.4   264.1   267.0  6
  135.4   297.1   300.0  7
  133.8   312.0   335.0  Policy
  133.8   339.7   387.7  Commission;
  133.8   392.5   426.1  Women's
  133.8   430.8   461.8  Suffrage
  133.8   466.5   505.5  Centennial
  133.8   510.3   558.3  Commission;
  133.8   563.0   576.0  and
  143.2    36.0    47.5  3020
  143.2    63.8   201.0  Outlays(gross)......................................................................
  143.2   229.0   234.0  -9
  143.2   262.0   267.0  -6
  143.2   295.0   300.0  -7
  144.6   312.0   335.0  Oliver
  144.6   337.2   367.7  Wendell
  144.6   370.0   398.0  Holmes
  144.6   400.2   425.2  Devise
  144.6   427.5   448.2  Fund.
  151.0    57.8   131.5  Memorandum(non-add)entries:
  158.8    36.0    47.5  3100
  158.8    63.8   201.0  Obligatedbalance,startofyear............................................
  158.8   231.1   234.0  2
  158.8   241.2   265.7  .................
  158.8   274.2   298.8  .................
  159.4   418.6   469.4  ✦
  179.1    51.8   131.6  Budgetauthorityandoutlays,net:
  176.1   423.4   441.2  Trust
  176.1   443.2   464.6  Funds
  185.9    57.8    88.9  Discretionary:
  193.7    36.0    47.5  4000
  193.7    63.8   201.0  Budgetauthority,gross.........................................................
  193.7   231.1   234.0  6
  193.7   264.1   267.0  6
  193.7   297.1   300.0  7
  191.2   312.0   331.0  JOHN
  191.2   332.7   340.7  C.
  191.2   342.5   371.8  STENNIS
  191.2   373.6   416.0  CENTERFOR
  191.2   417.1   442.5  PUBLIC
  191.2   444.2   473.4  SERVICE
  191.2   475.1   524.0  TRAININGAND
  191.2   525.2   576.0  DEVELOPMENT
  201.5    63.8    97.4  Outlays,gross:
  203.8   318.0   329.1  For
  203.8   330.9   358.5  payment
  203.8   360.4   366.6  to
  203.8   368.4   378.2  the
  203.8   380.1   395.2  John
  203.8   397.0   404.4  C.
  203.8   406.2   429.8  Stennis
  203.8   431.6   453.0  Center
  203.8   454.8   464.2  for
  203.8   466.0   486.5  Public
  203.8   488.3   512.3  Service
  203.8   514.2   557.3  Development
  203.8   559.1   576.0  Trust
  209.3    36.0    47.5  4010
  209.3    69.8   201.0  Outlaysfromnewdiscretionaryauthority..........................
  209.3   231.1   234.0  6
  209.3   264.1   267.0  6
  209.3   297.1   300.0  7
  213.4   312.0   328.4  Fund
  213.4   330.1   365.6  established
  213.4   367.3   385.5  under
  213.4   387.2   409.8  section
  213.4   411.5   423.5  116
  213.4   425.2   431.8  of
  213.4   433.5   443.3  the
  213.4   444.9   460.0  John
  213.4   461.7   469.0  C.
  213.4   470.7   494.3  Stennis
  213.4   495.9   517.3  Center
  213.4   518.9   528.2  for
  213.4   529.9   550.4  Public
  213.4   552.0   576.0  Service
  217.1    36.0    47.5  4011
  217.1    69.8   201.0  Outlaysfromdiscretionarybalances.................................
  217.1   231.1   234.0  3
  217.1   241.2   265.7  .................
  217.1   274.2   298.8  .................
  223.0   312.0   339.5  Training
  223.0   342.6   354.2  and
  223.0   357.3   400.4  Development
  223.0   403.5   415.1  Act
  223.0   418.2   424.9  (2
  223.0   428.0   449.5  U.S.C.
  223.0   452.7   473.3  1105),
  223.0   476.4   508.4  $430,000.
  223.0   511.6   549.3  (Legislative
  223.0   552.4   576.0  Branch
  230.9    36.0    47.5  4020
  230.9    63.8   201.0  Outlays,gross(total).............................................................
  230.9   231.1   234.0  9
  230.9   264.1   267.0  6
  230.9   297.1   300.0  7
  232.6   312.0   360.9  Appropriations
  232.6   362.9   375.5  Act,
  232.6   377.5   398.2  2026.)
  238.7    36.0    47.5  4180
  238.7    51.8   201.0  Budgetauthority,net(total)..........................................................
  238.7   231.1   234.0  6
  238.7   264.1   267.0  6
  238.7   297.1   300.0  7
  246.5    36.0    47.5  4190
  246.5    51.8   201.0  Outlays,net(total)........................................................................
  246.5   231.1   234.0  9
  246.5   264.1   267.0  6
  246.5   297.1   300.0  7
  247.7   371.5   516.5  SpecialandTrustFundReceipts(inmillionsofdollars)
  265.4    42.0    55.8  The
  265.4    57.4   107.7  Congressional
  265.4   109.4   131.9  Office
  265.4   133.5   143.8  for
  265.4   145.4   190.2  International
  265.4   191.8   233.1  Leadership,
  265.4   234.7   254.8  under
  265.4   256.4   267.2  the
  265.4   268.9   300.1  direction
  265.8   312.0   396.3  Identificationcode009–8275–0–7–801
  265.8   484.4   509.7  2025actual
  265.8   520.3   539.9  2026est.
  265.8   553.3   572.9  2027est.
  276.2    36.0    43.5  of
  276.2    46.4    54.9  its
  276.2    57.9    79.9  Board
  276.2    82.8    90.3  of
  276.2    93.2   126.0  Trustees,
  276.2   128.9   159.4  supports
  276.2   162.3   173.3  the
  276.2   176.3   224.3  identification
  276.2   227.2   234.7  of
  276.2   237.6   271.6  emerging
  276.2   274.5   300.0  leaders
  280.5   312.0   323.5  0100
  280.5   327.8   477.0  Balance,startofyear....................................................................
  280.5   507.1   510.0  8
  280.5   540.1   543.0  8
  280.5   573.1   576.0  9
  287.0    36.0    53.5  from
  287.0    55.6    81.6  foreign
  287.0    83.8   116.8  countries
  287.0   118.9   147.9  selected
  287.0   150.1   159.1  by
  287.0   161.2   172.2  the
  287.0   174.3   196.3  Board
  287.0   198.5   206.0  of
  287.0   208.1   238.6  Trustees
  287.0   240.8   253.8  and
  287.0   255.9   286.9  oversees
  287.0   289.0   300.0  the
  288.3   312.0   323.5  0198
  288.3   327.8   477.0  Reconciliationadjustment.............................................................
  288.3   484.2   508.7  .................
  288.3   517.2   541.7  .................
  288.3   550.2   574.7  .................
  297.8    36.0    82.5  development
  297.8    85.6    93.1  of
  297.8    96.2   104.7  an
  297.8   107.9   140.4  intensive
  297.8   143.5   174.0  program
  297.8   177.1   184.1  in
  297.8   187.2   198.2  the
  297.8   201.4   225.9  United
  297.8   229.0   250.5  States
  297.8   253.6   260.6  to
  297.8   263.8   277.8  link
  297.8   280.9   289.9  up
  297.8   293.0   300.0  to
  302.1   312.0   323.5  0199
  302.1   333.8   477.0  Balance,startofyear................................................................
  302.1   507.1   510.0  8
  302.1   540.1   543.0  8
  302.1   573.1   576.0  9
  308.6    36.0    56.2  3,000
  308.6    58.6   100.6  participants
  308.6   102.9   119.4  each
  308.6   121.7   137.2  year
  308.6   139.5   155.5  with
  308.6   157.9   173.9  U.S.
  308.6   176.2   222.9  counterparts.
  308.6   225.3   239.3  The
  308.6   241.6   269.7  Office's
  308.6   272.0   300.0  mission
  309.9   327.8   348.8  Receipts:
  319.4    36.0    59.5  entails
  319.4    64.4   101.4  enhancing
  319.4   106.4   117.4  the
  319.4   122.3   173.3  understanding
  319.4   178.2   191.2  and
  319.4   196.2   237.2  capabilities
  319.4   242.1   252.6  for
  319.4   257.5   300.0  cooperation
  317.7   333.8   361.6  Currentlaw:
  325.5   312.0   323.5  1140
  325.5   339.8   477.0  Payments,JohnC.StennisCenterforPublicServiceTraining
  330.2    36.0    66.0  between
  330.2    69.6    80.6  the
  330.2    84.2   108.7  United
  330.2   112.3   133.8  States
  330.2   137.5   150.5  and
  330.2   154.1   199.6  participating
  330.2   203.2   236.2  countries
  330.2   239.8   248.8  by
  330.2   252.4   292.4  developing
  330.2   296.0   300.0  a
  333.3   345.8   477.0  andDevelopment..............................................................
  333.3   507.1   510.0  1
  333.3   540.1   543.0  1
  333.3   573.1   576.0  1
  341.0    36.0    65.5  network
  341.0    68.9    76.4  of
  341.0    79.7   105.2  leaders
  341.0   108.6   124.1  who
  341.0   127.5   144.4  have
  341.0   147.8   171.8  gained
  341.0   175.2   215.4  significant,
  341.0   218.8   253.8  first-hand
  341.0   257.2   289.7  exposure
  341.0   293.0   300.0  to
  341.1   312.0   323.5  1140
  341.1   339.8   477.0  InterestReceivedbyTrustFund,J.C.StennisCenter............
  341.1   507.1   510.0  1
  341.1   540.1   543.0  1
  341.1   573.1   576.0  1
  351.8    36.0    72.1  America's
  351.8    74.4   114.3  democratic
  351.8   116.6   129.6  and
  351.8   131.8   174.8  accountable
  351.8   177.1   222.3  government.
  354.9   312.0   323.5  1199
  354.9   345.8   477.0  Totalcurrentlawreceipts..................................................
  354.9   507.1   510.0  2
  354.9   540.1   543.0  2
  354.9   573.1   576.0  2
  362.6    42.0    56.0  The
  362.6    58.3    81.2  Office
  362.6    83.5    89.5  is
  362.6    91.8   129.7  authorized
  362.6   132.0   139.0  to
  362.6   141.3   163.3  solicit
  362.6   165.5   178.5  and
  362.6   180.8   203.8  accept
  362.6   206.0   233.0  Federal
  362.6   235.3   248.3  and
  362.6   250.5   275.5  private
  362.6   277.8   300.0  funds,
  368.7   312.0   323.5  1999
  368.7   333.8   477.0  Totalreceipts.............................................................................
  368.7   507.1   510.0  2
  368.7   540.1   543.0  2
  368.7   573.1   576.0  2
  373.4    36.0    43.0  in
  373.4    44.7    74.0  addition
  373.4    75.8    82.8  to
  373.4    84.5   108.9  receipt
  373.4   110.6   118.1  of
  373.4   119.8   132.8  this
  373.4   134.5   184.9  appropriation,
  373.4   186.7   199.6  and
  373.4   201.4   208.3  to
  373.4   210.1   231.5  invest
  373.4   233.2   278.4  appropriated
  373.4   280.1   300.0  funds
  384.2    36.0    43.0  in
  384.2    45.3    56.8  par
  384.2    59.2    78.7  value
  384.2    81.0   115.0  securities
  384.2   117.3   123.8  at
  384.2   126.1   137.1  the
  384.2   139.5   155.5  U.S.
  384.2   157.8   192.0  Treasury.
  384.2   194.4   208.4  The
  384.2   210.7   233.7  Office
  384.2   236.0   242.0  is
  384.2   244.4   277.9  governed
  384.2   280.2   289.2  by
  384.2   291.5   300.0  an
  382.5   312.0   323.5  2000
  382.5   333.8   477.0  Total:Balancesandreceipts.....................................................
  382.5   504.2   510.0  10
  382.5   537.2   543.0  10
  382.5   570.2   576.0  11
  390.3   327.8   362.5  Appropriations:
  395.0    36.0    92.0  eleven-member
  395.0    94.0   114.5  board
  395.0   116.6   124.1  of
  395.0   126.2   155.9  trustees,
  395.0   158.0   194.5  composed
  395.0   196.5   204.0  of
  395.0   206.1   217.1  the
  395.0   219.2   252.6  Librarian
  395.0   254.7   262.2  of
  395.0   264.3   300.0  Congress,
  398.1   333.8   361.6  Currentlaw:
  405.8    36.0    69.0  members
  405.8    70.7    78.1  of
  405.8    79.8    90.8  the
  405.8    92.5   108.5  U.S.
  405.8   110.1   134.1  Senate
  405.8   135.8   148.8  and
  405.8   150.4   173.4  House
  405.8   175.1   182.6  of
  405.8   184.2   241.2  Representatives
  405.8   242.9   255.9  and
  405.8   257.5   300.0  representat-
  405.9   312.0   323.5  2101
  405.9   339.8   349.9  John
  405.9   353.3   358.0  C.
  405.9   361.4   378.3  Stennis
  405.9   381.7   396.5  Center
  405.9   399.9   406.1  for
  405.9   409.4   423.5  Public
  405.9   426.9   443.2  Service
  405.9   446.5   464.9  Training
  405.9   468.3   477.0  and
  416.6    36.0    50.5  ives
  416.6    52.8    60.3  of
  416.6    62.7    73.7  the
  416.6    76.0   101.0  private
  416.6   103.3   127.1  sector.
  416.6   129.4   143.4  The
  416.6   145.7   168.7  Office
  416.6   171.0   177.0  is
  416.6   179.4   217.4  authorized
  416.6   219.7   226.7  to
  416.6   229.0   251.5  obtain
  416.6   253.9   257.9  a
  416.6   260.2   277.7  wide
  416.6   280.0   300.0  range
  413.7   345.8   477.0  Development.....................................................................
  413.7   504.9   510.0  -2
  413.7   537.9   543.0  -1
  413.7   570.9   576.0  -1
  427.4    36.0    43.5  of
  427.4    45.7    97.2  administrative
  427.4    99.5   128.7  support,
  427.4   131.0   165.0  including
  427.4   167.2   189.5  space,
  427.4   191.7   209.2  from
  427.4   211.5   222.5  the
  427.4   224.7   251.7  Library
  427.4   254.0   261.5  of
  427.4   263.7   299.5  Congress.
  427.5   312.0   323.5  5099
  427.5   333.8   477.0  Balance,endofyear..................................................................
  427.5   507.1   510.0  8
  427.5   540.1   543.0  9
  427.5   570.2   576.0  10
  438.2    42.0    63.5  Fiscal
  438.2    65.6    81.1  year
  438.2    83.2   101.2  2027
  438.2   103.3   131.3  funding
  438.2   133.4   163.9  supports
  438.2   166.0   182.0  U.S.
  438.2   184.1   206.1  grants
  438.2   208.2   221.2  and
  438.2   223.3   256.3  logistical
  438.2   258.4   287.4  services
  438.2   289.5   300.0  for
  449.0    36.0    62.5  hosting
  449.0    64.3    71.3  in
  449.0    73.1   119.6  communities
  449.0   121.3   160.8  throughout
  449.0   162.6   173.6  the
  449.0   175.4   199.9  United
  449.0   201.7   223.2  States
  449.0   224.9   232.4  as
  449.0   234.2   249.7  well
  449.0   251.5   259.0  as
  449.0   260.8   279.3  other
  449.0   281.0   300.0  oper-
  446.8   384.0   503.9  ProgramandFinancing(inmillionsofdollars)
  459.8    36.0    54.0  ating
  459.8    56.2    88.7  expenses
  459.8    91.0    98.5  of
  459.8   100.7   111.7  the
  459.8   114.0   139.2  Office.
  464.9   312.0   396.3  Identificationcode009–8275–0–7–801
  464.9   484.4   509.7  2025actual
  464.9   520.3   539.9  2026est.
  464.9   553.3   572.9  2027est.
  476.0   112.0   224.0  ObjectClassification(inmillionsofdollars)
  483.6   327.8   402.9  Obligationsbyprogramactivity:
  490.4   312.0   323.5  0001
  490.4   333.8   477.0  JohnC.StennisCenterforPublicServiceTrainingandDevelopme
  494.1    36.0   120.3  Identificationcode009–0145–0–1–154
  494.1   208.5   233.8  2025actual
  494.1   244.3   263.9  2026est.
  494.1   277.3   296.9  2027est.
  498.2   339.8   477.0  (Direct)..................................................................................
  498.2   507.1   510.0  2
  498.2   540.1   543.0  1
  498.2   573.1   576.0  1
  508.8    51.8    93.4  Directobligations:
  512.0   312.0   323.5  0900
  512.0   327.8   477.0  Totalnewobligations,unexpiredaccounts(objectclass25.2).......
  512.0   507.1   510.0  2
  512.0   540.1   543.0  1
  512.0   573.1   576.0  1
  516.6    36.0    46.1  25.1
  516.6    57.8   201.0  Advisoryandassistanceservices..............................................
  516.6   231.1   234.0  1
  516.6   241.2   265.7  .................
  516.6   274.2   298.8  .................
  524.4    36.0    46.1  94.0
  524.4    57.8   201.0  Financialtransfers....................................................................
  524.4   231.1   234.0  6
  524.4   264.1   267.0  6
  524.4   297.1   300.0  7
  532.3   327.8   378.7  Budgetaryresources:
  538.2    36.0    46.1  99.9
  538.2    63.8   201.0  Totalnewobligations,unexpiredaccounts............................
  538.2   231.1   234.0  7
  538.2   264.1   267.0  6
  538.2   297.1   300.0  7
  539.1   333.8   382.2  Unobligatedbalance:
  546.9   312.0   323.5  1000
  546.9   339.8   477.0  Unobligatedbalancebroughtforward,Oct1.........................
  546.9   504.2   510.0  11
  546.9   537.2   543.0  11
  546.9   570.2   576.0  11
  554.7   333.8   373.2  Budgetauthority:
  561.1   142.6   193.4  ✦
  562.5   339.8   401.5  Appropriations,mandatory:
  570.3   312.0   323.5  1201
  570.3   345.8   477.0  Appropriation(specialortrustfund).................................
  570.3   507.1   510.0  2
  570.3   540.1   543.0  1
  570.3   573.1   576.0  1
  577.8    78.6   100.0  OTHER
  577.8   102.0   141.9  LEGISLATIVE
  577.8   143.9   170.3  BRANCH
  577.8   172.3   212.9  BOARDSAND
  577.8   214.4   257.4  COMMISSIONS
  578.1   312.0   323.5  1900
  578.1   333.8   477.0  Budgetauthority(total).............................................................
  578.1   507.1   510.0  2
  578.1   540.1   543.0  1
  578.1   573.1   576.0  1
  585.9   312.0   323.5  1930
  585.9   327.8   477.0  Totalbudgetaryresourcesavailable..............................................
  585.9   504.2   510.0  13
  585.9   537.2   543.0  12
  585.9   570.2   576.0  12
  592.9   108.1   228.0  ProgramandFinancing(inmillionsofdollars)
  593.7   333.8   407.5  Memorandum(non-add)entries:
  601.5   312.0   323.5  1941
  601.5   339.8   477.0  Unexpiredunobligatedbalance,endofyear..........................
  601.5   504.2   510.0  11
  601.5   537.2   543.0  11
  601.5   570.2   576.0  11
  611.0    36.0   120.3  Identificationcode009–9911–0–1–999
  611.0   208.5   233.8  2025actual
  611.0   244.3   263.9  2026est.
  611.0   277.3   296.9  2027est.
  621.8   327.8   396.4  Changeinobligatedbalance:
  629.7    51.8   126.9  Obligationsbyprogramactivity:
  628.6   333.8   378.2  Unpaidobligations:
  636.5    36.0    47.5  0001
  636.5    57.8   201.0  Directprogramactivity..............................................................
  636.5   231.1   234.0  1
  636.5   241.2   265.7  .................
  636.5   274.2   298.8  .................
  636.4   312.0   323.5  3010
  636.4   339.8   477.0  Newobligations,unexpiredaccounts....................................
  636.4   507.1   510.0  2
  636.4   540.1   543.0  1
  636.4   573.1   576.0  1
  644.2   312.0   323.5  3020
  644.2   339.8   477.0  Outlays(gross)......................................................................
  644.2   504.9   510.0  -2
  644.2   537.9   543.0  -1
  644.2   570.9   576.0  -1
  650.3    36.0    47.5  0900
  650.3    51.8   201.0  Totalnewobligations,unexpiredaccounts(objectclass25.1).......
  650.3   231.1   234.0  1
  650.3   241.2   265.7  .................
  650.3   274.2   298.8  .................
  664.5   327.8   407.6  Budgetauthorityandoutlays,net:
  670.6    51.8   102.7  Budgetaryresources:
  671.3   333.8   359.1  Mandatory:
  677.4    57.8   106.2  Unobligatedbalance:
  679.1   312.0   323.5  4090
  679.1   339.8   477.0  Budgetauthority,gross.........................................................
  679.1   507.1   510.0  2
  679.1   540.1   543.0  1
  679.1   573.1   576.0  1
  685.2    36.0    47.5  1000
  685.2    63.8   201.0  Unobligatedbalancebroughtforward,Oct1.........................
  685.2   231.1   234.0  1
  685.2   241.2   265.7  .................
  685.2   274.2   298.8  .................
  686.9   339.8   373.4  Outlays,gross:
  693.0    36.0    47.5  1930
  693.0    51.8   201.0  Totalbudgetaryresourcesavailable..............................................
  693.0   231.1   234.0  1
  693.0   241.2   265.7  .................
  693.0   274.2   298.8  .................
  694.7   312.0   323.5  4100
  694.7   345.8   477.0  Outlaysfromnewmandatoryauthority.............................
  694.7   507.1   510.0  2
  694.7   540.1   543.0  1
  694.7   573.1   576.0  1
  702.5   312.0   323.5  4180
  702.5   327.8   477.0  Budgetauthority,net(total)..........................................................
  702.5   507.1   510.0  2
  702.5   540.1   543.0  1
  702.5   573.1   576.0  1
  713.3    51.8   120.4  Changeinobligatedbalance:
  710.3   312.0   323.5  4190
  710.3   327.8   477.0  Outlays,net(total)........................................................................
  710.3   507.1   510.0  2
  710.3   540.1   543.0  1
  710.3   573.1   576.0  1
  720.1    57.8   102.2  Unpaidobligations:
  727.9    36.0    47.5  3000
  727.9    63.8   201.0  Unpaidobligations,broughtforward,Oct1..........................
  727.9   208.2   232.7  .................
  727.9   264.1   267.0  1
  727.9   297.1   300.0  1
  730.6   327.8   404.0  Memorandum(non-add)entries:
  735.7    36.0    47.5  3010
  735.7    63.8   201.0  Newobligations,unexpiredaccounts....................................
  735.7   231.1   234.0  1
  735.7   241.2   265.7  .................
  735.7   274.2   298.8  .................
  737.4   312.0   323.5  5000
  737.4   333.8   477.0  Totalinvestments,SOY:Federalsecurities:Parvalue...............
  737.4   504.2   510.0  18
  737.4   537.2   543.0  18
  737.4   570.2   576.0  18
  745.2   312.0   323.5  5001
  745.2   333.8   477.0  Totalinvestments,EOY:Federalsecurities:Parvalue...............
  745.2   504.2   510.0  18
  745.2   537.2   543.0  18
  745.2   570.2   576.0  18
  749.5    36.0    47.5  3050
  749.5    57.8   201.0  Unpaidobligations,endofyear.................................................
  749.5   231.1   234.0  1
  749.5   264.1   267.0  1
  749.5   297.1   300.0  1
