   36.0    47.0    34.1  42
   84.0   162.1    33.3  UnitedStatesTaxCourt—Continued
   84.0   142.3    39.0  FederalFunds—Continued
  454.5   468.1    38.5  THE
  469.8   498.2    38.5  BUDGET
  500.0   513.6    38.5  FOR
  515.3   539.4    38.5  FISCAL
  541.2   560.2    38.5  YEAR
  562.0   576.0    38.5  2027
  108.8   153.5    62.6  SALARIESAND
  155.0   227.3    62.6  EXPENSES—Continued
  312.0   323.5    62.1  5098
  327.8   477.0    62.1  Roundingadjustment....................................................................
  507.1   510.0    62.1  1
  517.2   541.7    62.1  .................
  550.2   574.7    62.1  .................
  119.8   216.2    73.2  ObjectClassification—Continued
  312.0   323.5    75.9  5099
  333.8   477.0    75.9  Balance,endofyear..................................................................
  504.2   510.0    75.9  14
  537.2   543.0    75.9  15
  570.2   576.0    75.9  16
   36.0   120.3    94.3  Identificationcode023–0100–0–1–752
  208.5   233.8    94.3  2025actual
  244.3   263.9    94.3  2026est.
  277.3   296.9    94.3  2027est.
  384.0   503.9    95.2  ProgramandFinancing(inmillionsofdollars)
   36.0    46.1   109.0  31.0
   57.8   201.0   109.0  Equipment.................................................................................
  231.1   234.0   109.0  7
  241.2   265.7   109.0  .................
  297.1   300.0   109.0  1
  312.0   396.3   113.3  Identificationcode023–8115–0–7–602
  484.4   509.7   113.3  2025actual
  520.3   539.9   113.3  2026est.
  553.3   572.9   113.3  2027est.
   36.0    46.1   122.8  99.9
   63.8   201.0   122.8  Totalnewobligations,unexpiredaccounts............................
  225.4   234.0   122.8  125
  261.2   267.0   122.8  65
  294.3   300.0   122.8  67
  327.8   402.9   132.0  Obligationsbyprogramactivity:
  312.0   323.5   138.8  0001
  333.8   477.0   138.8  TaxCourtJudgesSurvivorsAnnuityFund(Direct)......................
  507.1   510.0   138.8  1
  540.1   543.0   138.8  1
  573.1   576.0   138.8  1
  135.8   200.2   142.1  EmploymentSummary
  312.0   323.5   152.6  0900
  327.8   477.0   152.6  Totalnewobligations,unexpiredaccounts(objectclass11.5).......
  507.1   510.0   152.6  1
  540.1   543.0   152.6  1
  573.1   576.0   152.6  1
   36.0   120.3   160.2  Identificationcode023–0100–0–1–752
  208.5   233.8   160.2  2025actual
  244.3   263.9   160.2  2026est.
  277.3   296.9   160.2  2027est.
   36.0    47.5   174.9  1001
   51.8   201.0   174.9  Directcivilianfull-timeequivalentemployment............................
  225.4   234.0   174.9  210
  258.4   267.0   174.9  215
  291.4   300.0   174.9  223
  327.8   378.7   172.9  Budgetaryresources:
  333.8   382.2   179.7  Unobligatedbalance:
  312.0   323.5   187.5  1000
  339.8   477.0   187.5  Unobligatedbalancebroughtforward,Oct1.........................
  507.1   510.0   187.5  1
  540.1   543.0   187.5  1
  573.1   576.0   187.5  1
  142.6   193.4   197.8  ✦
  333.8   373.2   195.3  Budgetauthority:
  339.8   401.5   203.1  Appropriations,mandatory:
  312.0   323.5   210.9  1201
  345.8   477.0   210.9  Appropriation(specialortrustfund).................................
  507.1   510.0   210.9  1
  540.1   543.0   210.9  1
  573.1   576.0   210.9  1
  132.7   147.0   214.5  U.S.
  149.0   162.5   214.5  TAX
  164.5   186.2   214.5  COURT
  188.2   203.3   214.5  FEES
  312.0   323.5   218.7  1930
  327.8   477.0   218.7  Totalbudgetaryresourcesavailable..............................................
  507.1   510.0   218.7  2
  540.1   543.0   218.7  2
  573.1   576.0   218.7  2
  333.8   407.5   226.5  Memorandum(non-add)entries:
   95.5   240.5   229.6  SpecialandTrustFundReceipts(inmillionsofdollars)
  312.0   323.5   234.3  1941
  339.8   477.0   234.3  Unexpiredunobligatedbalance,endofyear..........................
  507.1   510.0   234.3  1
  540.1   543.0   234.3  1
  573.1   576.0   234.3  1
   36.0   120.3   247.7  Identificationcode023–5633–0–2–752
  208.5   233.8   247.7  2025actual
  244.3   263.9   247.7  2026est.
  277.3   296.9   247.7  2027est.
  327.8   396.4   254.6  Changeinobligatedbalance:
   36.0    47.5   262.4  0100
   51.8   201.0   262.4  Balance,startofyear....................................................................
  208.2   232.7   262.4  .................
  241.2   265.7   262.4  .................
  274.2   298.8   262.4  .................
  333.8   378.2   261.4  Unpaidobligations:
   51.8    72.8   270.2  Receipts:
  312.0   323.5   269.2  3010
  339.8   477.0   269.2  Newobligations,unexpiredaccounts....................................
  507.1   510.0   269.2  1
  540.1   543.0   269.2  1
  573.1   576.0   269.2  1
   57.8    85.6   278.0  Currentlaw:
  312.0   323.5   277.0  3020
  339.8   477.0   277.0  Outlays(gross)......................................................................
  504.9   510.0   277.0  -1
  537.9   543.0   277.0  -1
  570.9   576.0   277.0  -1
   36.0    47.5   285.8  1110
   63.8   201.0   285.8  U.S.TaxCourtFees...............................................................
  231.1   234.0   285.8  1
  264.1   267.0   285.8  1
  297.1   300.0   285.8  1
   36.0    47.5   299.6  2000
   57.8   201.0   299.6  Total:Balancesandreceipts.....................................................
  231.1   234.0   299.6  1
  264.1   267.0   299.6  1
  297.1   300.0   299.6  1
  327.8   407.6   297.3  Budgetauthorityandoutlays,net:
  333.8   359.1   304.1  Mandatory:
   51.8    86.5   307.4  Appropriations:
  312.0   323.5   311.9  4090
  339.8   477.0   311.9  Budgetauthority,gross.........................................................
  507.1   510.0   311.9  1
  540.1   543.0   311.9  1
  573.1   576.0   311.9  1
   57.8    85.6   315.2  Currentlaw:
  339.8   373.4   319.7  Outlays,gross:
   36.0    47.5   323.0  2101
   63.8   201.0   323.0  U.S.TaxCourtFees................................................................
  229.0   234.0   323.0  -1
  262.0   267.0   323.0  -1
  295.0   300.0   323.0  -1
  312.0   323.5   327.5  4100
  345.8   477.0   327.5  Outlaysfromnewmandatoryauthority.............................
  484.2   508.7   327.5  .................
  540.1   543.0   327.5  1
  573.1   576.0   327.5  1
   36.0    47.5   336.8  5099
   57.8   201.0   336.8  Balance,endofyear..................................................................
  208.2   232.7   336.8  .................
  241.2   265.7   336.8  .................
  274.2   298.8   336.8  .................
  312.0   323.5   335.3  4101
  345.8   477.0   335.3  Outlaysfrommandatorybalances....................................
  507.1   510.0   335.3  1
  517.2   541.7   335.3  .................
  550.2   574.7   335.3  .................
  312.0   323.5   349.1  4110
  339.8   477.0   349.1  Outlays,gross(total).............................................................
  507.1   510.0   349.1  1
  540.1   543.0   349.1  1
  573.1   576.0   349.1  1
  108.1   228.0   356.1  ProgramandFinancing(inmillionsofdollars)
  312.0   323.5   356.9  4180
  327.8   477.0   356.9  Budgetauthority,net(total)..........................................................
  507.1   510.0   356.9  1
  540.1   543.0   356.9  1
  573.1   576.0   356.9  1
  312.0   323.5   364.7  4190
  327.8   477.0   364.7  Outlays,net(total)........................................................................
  507.1   510.0   364.7  1
  540.1   543.0   364.7  1
  573.1   576.0   364.7  1
   36.0   120.3   374.2  Identificationcode023–5633–0–2–752
  208.5   233.8   374.2  2025actual
  244.3   263.9   374.2  2026est.
  277.3   296.9   374.2  2027est.
  327.8   404.0   385.0  Memorandum(non-add)entries:
   51.8   102.7   392.9  Budgetaryresources:
  312.0   323.5   391.8  5000
  333.8   477.0   391.8  Totalinvestments,SOY:Federalsecurities:Parvalue...............
  504.2   510.0   391.8  14
  537.2   543.0   391.8  14
  570.2   576.0   391.8  14
   57.8   106.2   399.7  Unobligatedbalance:
  312.0   323.5   399.6  5001
  333.8   477.0   399.6  Totalinvestments,EOY:Federalsecurities:Parvalue...............
  504.2   510.0   399.6  14
  537.2   543.0   399.6  14
  570.2   576.0   399.6  15
   36.0    47.5   407.5  1000
   63.8   201.0   407.5  Unobligatedbalancebroughtforward,Oct1.........................
  231.1   234.0   407.5  6
  264.1   267.0   407.5  7
  297.1   300.0   407.5  8
   57.8    97.2   415.3  Budgetauthority:
  318.0   332.0   418.5  The
  335.0   349.0   418.5  Tax
  352.1   372.6   418.5  Court
  375.6   401.7   418.5  Judges'
  404.8   439.8   418.5  Survivors
  442.8   472.3   418.5  Annuity
  475.4   493.9   418.5  Fund
  496.9   527.9   418.5  provides
  531.0   576.0   418.5  survivorship
   63.8   125.6   423.1  Appropriations,mandatory:
   36.0    47.5   430.9  1201
   69.8   201.0   430.9  Appropriation(specialortrustfund).................................
  231.1   234.0   430.9  1
  264.1   267.0   430.9  1
  297.1   300.0   430.9  1
  312.0   340.5   429.3  benefits
  342.7   349.7   429.3  to
  351.9   378.9   429.3  eligible
  381.2   415.2   429.3  surviving
  417.4   445.4   429.3  spouses
  447.6   460.6   429.3  and
  462.8   499.8   429.3  dependent
  502.1   531.6   429.3  children
  533.8   541.3   429.3  of
  543.5   576.0   429.3  deceased
   36.0    47.5   438.7  1900
   57.8   201.0   438.7  Budgetauthority(total).............................................................
  231.1   234.0   438.7  1
  264.1   267.0   438.7  1
  297.1   300.0   438.7  1
  312.0   326.0   440.1  Tax
  328.2   348.8   440.1  Court
  351.0   376.8   440.1  judges.
  379.1   425.1   440.1  Participating
  427.3   450.8   440.1  judges
  453.1   466.1   440.1  pay
  468.4   479.6   440.1  3.5
  481.9   508.4   440.1  percent
  510.7   518.2   440.1  of
  520.5   536.9   440.1  their
  539.2   566.2   440.1  salaries
  568.5   576.0   440.1  or
   36.0    47.5   446.5  1930
   51.8   201.0   446.5  Totalbudgetaryresourcesavailable..............................................
  231.1   234.0   446.5  7
  264.1   267.0   446.5  8
  297.1   300.0   446.5  9
  312.0   335.5   450.9  retired
  337.8   350.8   450.9  pay
  353.2   367.2   450.9  into
  369.6   380.6   450.9  the
  383.0   399.5   450.9  fund
  401.9   408.9   450.9  to
  411.3   431.2   450.9  cover
  433.6   469.1   450.9  creditable
  471.5   497.0   450.9  service
  499.4   509.9   450.9  for
  512.2   534.2   450.9  which
  536.6   567.6   450.9  payment
  570.0   576.0   450.9  is
   57.8   131.5   454.3  Memorandum(non-add)entries:
   36.0    47.5   462.1  1941
   63.8   201.0   462.1  Unexpiredunobligatedbalance,endofyear..........................
  231.1   234.0   462.1  7
  264.1   267.0   462.1  8
  297.1   300.0   462.1  9
  312.0   344.2   461.7  required.
  347.3   385.8   461.7  Additional
  389.0   411.2   461.7  funds,
  414.4   421.9   461.7  as
  425.0   452.7   461.7  needed,
  455.9   466.9   461.7  are
  470.0   502.0   461.7  provided
  505.1   533.1   461.7  through
  536.2   547.2   461.7  the
  550.4   576.0   461.7  Court's
  312.0   336.0   472.5  annual
  338.2   389.0   472.5  appropriation.
   51.8   131.6   482.4  Budgetauthorityandoutlays,net:
   57.8    83.1   489.2  Mandatory:
  418.6   469.4   487.3  ✦
   36.0    47.5   497.0  4090
   63.8   201.0   497.0  Budgetauthority,gross.........................................................
  231.1   234.0   497.0  1
  264.1   267.0   497.0  1
  297.1   300.0   497.0  1
   36.0    47.5   504.8  4180
   51.8   201.0   504.8  Budgetauthority,net(total)..........................................................
  231.1   234.0   504.8  1
  264.1   267.0   504.8  1
  297.1   300.0   504.8  1
  314.5   383.4   504.2  LEGISLATIVE
  385.9   429.3   504.2  BRANCH
  431.8   473.4   504.2  BOARDS
  475.9   497.6   504.2  AND
  500.1   573.4   504.2  COMMISSIONS
   36.0    47.5   512.6  4190
   51.8   201.0   512.6  Outlays,net(total)........................................................................
  208.2   232.7   512.6  .................
  241.2   265.7   512.6  .................
  274.2   298.8   512.6  .................
  419.4   445.2   518.5  Federal
  447.2   468.5   518.5  Funds
  142.6   193.4   535.5  ✦
  346.0   401.6   533.6  COMMISSIONON
  403.2   453.0   533.6  SECURITYAND
  454.6   512.3   533.6  COOPERATIONIN
  514.0   542.0   533.6  EUROPE
  405.4   450.2   547.2  SALARIESAND
  451.7   482.6   547.2  EXPENSES
  147.4   165.2   552.2  Trust
  167.2   188.6   552.2  Funds
  318.0   329.8   559.8  For
  331.3   362.3   559.8  necessary
  363.7   391.7   559.8  expenses
  393.1   399.3   559.8  of
  400.7   410.4   559.8  the
  411.8   450.8   559.8  Commission
  452.2   460.1   559.8  on
  461.6   487.3   559.8  Security
  488.8   500.6   559.8  and
  502.1   541.8   559.8  Cooperation
  543.3   549.4   559.8  in
  550.9   576.0   559.8  Europe,
   93.2   106.7   564.3  TAX
  108.7   130.4   564.3  COURT
  132.4   155.5   564.3  JUDGES
  157.5   192.6   564.3  SURVIVORS
  194.6   223.4   564.3  ANNUITY
  225.4   242.8   564.3  FUND
  312.0   319.1   569.4  as
  320.6   354.7   569.4  authorized
  356.2   363.7   569.4  by
  365.3   386.1   569.4  Public
  387.6   401.4   569.4  Law
  402.9   426.9   569.4  94–304
  428.4   439.0   569.4  (22
  440.6   461.6   569.4  U.S.C.
  463.1   479.1   569.4  3001
  480.6   486.4   569.4  et
  487.9   505.1   569.4  seq.),
  506.7   544.4   569.4  $7,059,000,
  546.0   576.1   569.4  including
   95.5   240.5   579.4  SpecialandTrustFundReceipts(inmillionsofdollars)
  312.0   322.2   579.0  not
  326.3   342.8   579.0  more
  346.9   361.1   579.0  than
  365.3   387.3   579.0  $6,000
  391.4   400.7   579.0  for
  404.9   451.5   579.0  representation
  455.7   486.1   579.0  expenses,
  490.2   496.5   579.0  to
  500.6   523.3   579.0  remain
  527.4   557.2   579.0  available
  561.3   576.0   579.0  until
  312.0   345.7   588.6  September
  347.7   357.7   588.6  30,
  359.7   377.7   588.6  2028.
   36.0   120.3   597.5  Identificationcode023–8115–0–7–602
  208.5   233.8   597.5  2025actual
  244.3   263.9   597.5  2026est.
  277.3   296.9   597.5  2027est.
  384.0   503.9   604.7  ProgramandFinancing(inmillionsofdollars)
   36.0    47.5   612.2  0100
   51.8   201.0   612.2  Balance,startofyear....................................................................
  228.2   234.0   612.2  12
  261.2   267.0   612.2  14
  294.3   300.0   612.2  15
   36.0    47.5   620.0  0198
   51.8   201.0   620.0  Reconciliationadjustment.............................................................
  231.1   234.0   620.0  1
  241.2   265.7   620.0  .................
  274.2   298.8   620.0  .................
  312.0   396.3   622.8  Identificationcode009–0110–0–1–801
  484.4   509.7   622.8  2025actual
  520.3   539.9   622.8  2026est.
  553.3   572.9   622.8  2027est.
   36.0    47.5   633.8  0199
   57.8   201.0   633.8  Balance,startofyear................................................................
  228.2   234.0   633.8  13
  261.2   267.0   633.8  14
  294.3   300.0   633.8  15
   51.8    72.8   641.6  Receipts:
  327.8   402.9   641.5  Obligationsbyprogramactivity:
   57.8    85.6   649.4  Currentlaw:
  312.0   323.5   648.3  0001
  333.8   477.0   648.3  Directprogramactivity..............................................................
  507.1   510.0   648.3  3
  540.1   543.0   648.3  3
  573.1   576.0   648.3  7
   36.0    47.5   657.2  1110
   63.8    71.1   657.2  Tax
   75.6    87.9   657.2  Court
   92.4   108.0   657.2  Judges
  112.5   133.5   657.2  Survivors
  138.0   156.2   657.2  Annuity,
  160.7   186.0   657.2  Deductions
  190.5   201.0   657.2  from
   69.8   201.0   665.0  EmployeesSalaries...........................................................
  231.1   234.0   665.0  1
  264.1   267.0   665.0  1
  297.1   300.0   665.0  1
  327.8   378.7   668.6  Budgetaryresources:
   36.0    47.5   672.8  1140
   63.8   201.0   672.8  TaxCourtJudgesSurvivorsAnnuity,InterestandProfitson
  333.8   382.2   675.4  Unobligatedbalance:
   69.8   201.0   680.6  Investments......................................................................
  208.2   232.7   680.6  .................
  264.1   267.0   680.6  1
  297.1   300.0   680.6  1
  312.0   323.5   683.2  1000
  339.8   477.0   683.2  Unobligatedbalancebroughtforward,Oct1.........................
  507.1   510.0   683.2  3
  540.1   543.0   683.2  3
  573.1   576.0   683.2  3
  333.8   373.2   691.0  Budgetauthority:
   36.0    47.5   694.4  1199
   69.8   201.0   694.4  Totalcurrentlawreceipts..................................................
  231.1   234.0   694.4  1
  264.1   267.0   694.4  2
  297.1   300.0   694.4  2
  339.8   406.6   698.8  Appropriations,discretionary:
   36.0    47.5   708.2  1999
   57.8   201.0   708.2  Totalreceipts.............................................................................
  231.1   234.0   708.2  1
  264.1   267.0   708.2  2
  297.1   300.0   708.2  2
  312.0   323.5   706.6  1100
  345.8   477.0   706.6  Appropriation....................................................................
  507.1   510.0   706.6  3
  540.1   543.0   706.6  3
  573.1   576.0   706.6  7
  312.0   323.5   714.4  1930
  327.8   477.0   714.4  Totalbudgetaryresourcesavailable..............................................
  507.1   510.0   714.4  6
  540.1   543.0   714.4  6
  570.2   576.0   714.4  10
   36.0    47.5   722.0  2000
   57.8   201.0   722.0  Total:Balancesandreceipts.....................................................
  228.2   234.0   722.0  14
  261.2   267.0   722.0  16
  294.3   300.0   722.0  17
  333.8   407.5   722.2  Memorandum(non-add)entries:
   51.8    86.5   729.8  Appropriations:
  312.0   323.5   730.0  1941
  339.8   477.0   730.0  Unexpiredunobligatedbalance,endofyear..........................
  507.1   510.0   730.0  3
  540.1   543.0   730.0  3
  573.1   576.0   730.0  3
   57.8    85.6   737.6  Currentlaw:
   36.0    47.5   745.4  2101
   63.8   201.0   745.4  TaxCourtJudgesSurvivorsAnnuityFund..............................
  229.0   234.0   745.4  -1
  262.0   267.0   745.4  -1
  295.0   300.0   745.4  -1
